tr******************************************************
2D Histogram data - output by the VI Logic_Histogram2D_W7.vi
Group of KJ Resch, IQC/UWaterloo. 
Written by JD Nov. 2013. Modified for Win7 by JPM May 2014.
Date of measurement: 	2026-01-21	2:59 PM
321	0.15625	# bins
Meas Time (s): 	1.002
ChA: 1	ChB: 3	
124145	335162	
tAB	nAB	
-25.00	0.00
-24.84	3.00
-24.69	3.00
-24.53	1.00
-24.37	0.00
-24.22	2.00
-24.06	1.00
-23.91	3.00
-23.75	1.00
-23.59	1.00
-23.44	1.00
-23.28	0.00
-23.12	5.00
-22.97	2.00
-22.81	2.00
-22.66	1.00
-22.50	0.00
-22.34	2.00
-22.19	1.00
-22.03	2.00
-21.87	0.00
-21.72	3.00
-21.56	2.00
-21.41	1.00
-21.25	1.00
-21.09	1.00
-20.94	4.00
-20.78	3.00
-20.62	3.00
-20.47	1.00
-20.31	0.00
-20.16	2.00
-20.00	0.00
-19.84	2.00
-19.69	1.00
-19.53	2.00
-19.37	4.00
-19.22	2.00
-19.06	5.00
-18.91	0.00
-18.75	2.00
-18.59	3.00
-18.44	1.00
-18.28	0.00
-18.12	2.00
-17.97	1.00
-17.81	2.00
-17.66	2.00
-17.50	3.00
-17.34	3.00
-17.19	4.00
-17.03	2.00
-16.87	2.00
-16.72	3.00
-16.56	3.00
-16.41	1.00
-16.25	2.00
-16.09	1.00
-15.94	1.00
-15.78	0.00
-15.62	2.00
-15.47	4.00
-15.31	2.00
-15.16	1.00
-15.00	3.00
-14.84	6.00
-14.69	6.00
-14.53	1.00
-14.37	5.00
-14.22	7.00
-14.06	7.00
-13.91	7.00
-13.75	14.00
-13.59	33.00
-13.44	44.00
-13.28	109.00
-13.12	208.00
-12.97	686.00
-12.81	1847.00
-12.66	2634.00
-12.50	1808.00
-12.34	570.00
-12.19	166.00
-12.03	74.00
-11.87	51.00
-11.72	32.00
-11.56	23.00
-11.41	18.00
-11.25	13.00
-11.09	10.00
-10.94	2.00
-10.78	5.00
-10.62	8.00
-10.47	4.00
-10.31	5.00
-10.16	4.00
-10.00	6.00
-9.84	4.00
-9.69	4.00
-9.53	4.00
-9.37	6.00
-9.22	3.00
-9.06	5.00
-8.91	3.00
-8.75	2.00
-8.59	3.00
-8.44	2.00
-8.28	3.00
-8.12	2.00
-7.97	2.00
-7.81	3.00
-7.66	1.00
-7.50	0.00
-7.34	0.00
-7.19	4.00
-7.03	3.00
-6.87	1.00
-6.72	1.00
-6.56	1.00
-6.41	1.00
-6.25	4.00
-6.09	3.00
-5.94	5.00
-5.78	2.00
-5.62	1.00
-5.47	3.00
-5.31	3.00
-5.16	3.00
-5.00	2.00
-4.84	2.00
-4.69	3.00
-4.53	2.00
-4.37	2.00
-4.22	3.00
-4.06	5.00
-3.91	4.00
-3.75	3.00
-3.59	5.00
-3.44	2.00
-3.28	2.00
-3.12	3.00
-2.97	2.00
-2.81	2.00
-2.66	3.00
-2.50	2.00
-2.34	2.00
-2.19	5.00
-2.03	3.00
-1.87	2.00
-1.72	2.00
-1.56	4.00
-1.41	2.00
-1.25	3.00
-1.09	1.00
-0.94	1.00
-0.78	2.00
-0.62	1.00
-0.47	3.00
-0.31	5.00
-0.16	3.00
0.00	4.00
0.16	2.00
0.31	5.00
0.47	0.00
0.62	2.00
0.78	5.00
0.94	3.00
1.09	2.00
1.25	2.00
1.41	2.00
1.56	6.00
1.72	3.00
1.87	2.00
2.03	1.00
2.19	2.00
2.34	2.00
2.50	2.00
2.66	2.00
2.81	0.00
2.97	3.00
3.12	1.00
3.28	1.00
3.44	4.00
3.59	6.00
3.75	4.00
3.91	1.00
4.06	4.00
4.22	0.00
4.37	3.00
4.53	3.00
4.69	5.00
4.84	5.00
5.00	3.00
5.16	2.00
5.31	1.00
5.47	3.00
5.62	1.00
5.78	2.00
5.94	1.00
6.09	5.00
6.25	4.00
6.41	1.00
6.56	1.00
6.72	3.00
6.87	0.00
7.03	6.00
7.19	5.00
7.34	4.00
7.50	5.00
7.66	4.00
7.81	2.00
7.97	3.00
8.12	1.00
8.28	4.00
8.44	2.00
8.59	3.00
8.75	4.00
8.91	2.00
9.06	5.00
9.22	3.00
9.37	4.00
9.53	3.00
9.69	2.00
9.84	0.00
10.00	3.00
10.16	0.00
10.31	1.00
10.47	2.00
10.62	0.00
10.78	3.00
10.94	1.00
11.09	1.00
11.25	1.00
11.41	3.00
11.56	5.00
11.72	3.00
11.87	2.00
12.03	2.00
12.19	0.00
12.34	1.00
12.50	3.00
12.66	1.00
12.81	0.00
12.97	1.00
13.12	3.00
13.28	3.00
13.44	5.00
13.59	3.00
13.75	1.00
13.91	3.00
14.06	3.00
14.22	1.00
14.37	4.00
14.53	1.00
14.69	3.00
14.84	3.00
15.00	4.00
15.16	1.00
15.31	3.00
15.47	0.00
15.62	0.00
15.78	1.00
15.94	7.00
16.09	3.00
16.25	2.00
16.41	2.00
16.56	1.00
16.72	0.00
16.87	4.00
17.03	2.00
17.19	3.00
17.34	3.00
17.50	0.00
17.66	1.00
17.81	2.00
17.97	2.00
18.12	2.00
18.28	0.00
18.44	4.00
18.59	1.00
18.75	2.00
18.91	3.00
19.06	4.00
19.22	3.00
19.37	1.00
19.53	0.00
19.69	1.00
19.84	0.00
20.00	1.00
20.16	5.00
20.31	3.00
20.47	2.00
20.62	1.00
20.78	1.00
20.94	4.00
21.09	3.00
21.25	3.00
21.41	3.00
21.56	3.00
21.72	4.00
21.87	3.00
22.03	5.00
22.19	3.00
22.34	2.00
22.50	1.00
22.66	1.00
22.81	1.00
22.97	0.00
23.12	0.00
23.28	3.00
23.44	2.00
23.59	3.00
23.75	0.00
23.91	4.00
24.06	0.00
24.22	1.00
24.37	2.00
24.53	3.00
24.69	3.00
24.84	2.00
25.00	0.00
