******************************************************
2D Histogram data - output by the VI Logic_Histogram2D_W7.vi
Group of KJ Resch, IQC/UWaterloo. 
Written by JD Nov. 2013. Modified for Win7 by JPM May 2014.
Date of measurement: 	2026-01-14	3:35 PM
321	0.15625	# bins
Meas Time (s): 	1.001
ChA: 1	ChB: 2	
115336	114305	
tAB	nAB	
-25.00	0.00
-24.84	0.00
-24.69	2.00
-24.53	1.00
-24.37	0.00
-24.22	0.00
-24.06	0.00
-23.91	2.00
-23.75	2.00
-23.59	2.00
-23.44	1.00
-23.28	1.00
-23.12	5.00
-22.97	1.00
-22.81	0.00
-22.66	0.00
-22.50	1.00
-22.34	1.00
-22.19	3.00
-22.03	2.00
-21.87	1.00
-21.72	0.00
-21.56	1.00
-21.41	2.00
-21.25	1.00
-21.09	2.00
-20.94	2.00
-20.78	1.00
-20.62	1.00
-20.47	1.00
-20.31	1.00
-20.16	1.00
-20.00	0.00
-19.84	2.00
-19.69	2.00
-19.53	2.00
-19.37	1.00
-19.22	0.00
-19.06	1.00
-18.91	2.00
-18.75	2.00
-18.59	0.00
-18.44	2.00
-18.28	0.00
-18.12	2.00
-17.97	1.00
-17.81	1.00
-17.66	3.00
-17.50	2.00
-17.34	0.00
-17.19	0.00
-17.03	1.00
-16.87	1.00
-16.72	0.00
-16.56	0.00
-16.41	0.00
-16.25	0.00
-16.09	1.00
-15.94	1.00
-15.78	0.00
-15.62	0.00
-15.47	0.00
-15.31	1.00
-15.16	1.00
-15.00	1.00
-14.84	0.00
-14.69	1.00
-14.53	2.00
-14.37	0.00
-14.22	1.00
-14.06	1.00
-13.91	0.00
-13.75	0.00
-13.59	1.00
-13.44	0.00
-13.28	1.00
-13.12	1.00
-12.97	1.00
-12.81	3.00
-12.66	1.00
-12.50	2.00
-12.34	1.00
-12.19	2.00
-12.03	2.00
-11.87	0.00
-11.72	2.00
-11.56	0.00
-11.41	3.00
-11.25	1.00
-11.09	1.00
-10.94	1.00
-10.78	1.00
-10.62	0.00
-10.47	1.00
-10.31	1.00
-10.16	0.00
-10.00	1.00
-9.84	0.00
-9.69	2.00
-9.53	1.00
-9.37	0.00
-9.22	1.00
-9.06	2.00
-8.91	2.00
-8.75	1.00
-8.59	1.00
-8.44	2.00
-8.28	1.00
-8.12	3.00
-7.97	3.00
-7.81	1.00
-7.66	0.00
-7.50	1.00
-7.34	1.00
-7.19	1.00
-7.03	4.00
-6.87	1.00
-6.72	0.00
-6.56	1.00
-6.41	0.00
-6.25	0.00
-6.09	3.00
-5.94	1.00
-5.78	2.00
-5.62	1.00
-5.47	2.00
-5.31	4.00
-5.16	0.00
-5.00	1.00
-4.84	3.00
-4.69	1.00
-4.53	0.00
-4.37	1.00
-4.22	0.00
-4.06	2.00
-3.91	0.00
-3.75	0.00
-3.59	3.00
-3.44	0.00
-3.28	1.00
-3.12	1.00
-2.97	1.00
-2.81	0.00
-2.66	1.00
-2.50	1.00
-2.34	2.00
-2.19	0.00
-2.03	2.00
-1.87	0.00
-1.72	0.00
-1.56	0.00
-1.41	2.00
-1.25	0.00
-1.09	2.00
-0.94	1.00
-0.78	2.00
-0.62	0.00
-0.47	1.00
-0.31	1.00
-0.16	0.00
0.00	1.00
0.16	1.00
0.31	1.00
0.47	0.00
0.62	0.00
0.78	2.00
0.94	2.00
1.09	2.00
1.25	2.00
1.41	0.00
1.56	2.00
1.72	1.00
1.87	1.00
2.03	1.00
2.19	2.00
2.34	0.00
2.50	0.00
2.66	2.00
2.81	2.00
2.97	1.00
3.12	0.00
3.28	0.00
3.44	0.00
3.59	4.00
3.75	0.00
3.91	0.00
4.06	0.00
4.22	0.00
4.37	1.00
4.53	1.00
4.69	1.00
4.84	1.00
5.00	0.00
5.16	0.00
5.31	0.00
5.47	3.00
5.62	0.00
5.78	1.00
5.94	0.00
6.09	1.00
6.25	1.00
6.41	0.00
6.56	0.00
6.72	2.00
6.87	2.00
7.03	2.00
7.19	0.00
7.34	1.00
7.50	2.00
7.66	1.00
7.81	0.00
7.97	3.00
8.12	3.00
8.28	1.00
8.44	3.00
8.59	1.00
8.75	2.00
8.91	1.00
9.06	0.00
9.22	1.00
9.37	6.00
9.53	0.00
9.69	2.00
9.84	0.00
10.00	1.00
10.16	1.00
10.31	0.00
10.47	2.00
10.62	0.00
10.78	0.00
10.94	1.00
11.09	1.00
11.25	1.00
11.41	1.00
11.56	1.00
11.72	2.00
11.87	0.00
12.03	1.00
12.19	2.00
12.34	1.00
12.50	1.00
12.66	1.00
12.81	2.00
12.97	1.00
13.12	2.00
13.28	1.00
13.44	1.00
13.59	1.00
13.75	1.00
13.91	1.00
14.06	0.00
14.22	0.00
14.37	2.00
14.53	1.00
14.69	0.00
14.84	1.00
15.00	5.00
15.16	3.00
15.31	0.00
15.47	0.00
15.62	0.00
15.78	0.00
15.94	2.00
16.09	3.00
16.25	1.00
16.41	2.00
16.56	1.00
16.72	1.00
16.87	2.00
17.03	1.00
17.19	0.00
17.34	0.00
17.50	1.00
17.66	0.00
17.81	0.00
17.97	1.00
18.12	1.00
18.28	3.00
18.44	1.00
18.59	0.00
18.75	1.00
18.91	2.00
19.06	0.00
19.22	2.00
19.37	2.00
19.53	2.00
19.69	0.00
19.84	2.00
20.00	1.00
20.16	1.00
20.31	2.00
20.47	0.00
20.62	2.00
20.78	1.00
20.94	0.00
21.09	0.00
21.25	2.00
21.41	1.00
21.56	0.00
21.72	0.00
21.87	1.00
22.03	1.00
22.19	2.00
22.34	0.00
22.50	2.00
22.66	1.00
22.81	0.00
22.97	1.00
23.12	0.00
23.28	1.00
23.44	1.00
23.59	0.00
23.75	0.00
23.91	3.00
24.06	2.00
24.22	2.00
24.37	1.00
24.53	1.00
24.69	0.00
24.84	1.00
25.00	0.00
